[soe][Equalizer#0]
outputGain=-5

[soe][Equalizer#0#left]
band0Gain=8.61
band10Gain=5.369999999999997
band11Gain=-1.7800000000000011
band12Gain=-4.419999999999998
band13Gain=1.0600000000000023
band14Gain=2.5799999999999983
band15Gain=4.329999999999998
band17Gain=3.8100000000000023
band18Gain=4.730000000000004
band19Gain=3.8699999999999974
band1Gain=8.219999999999999
band20Gain=-2.8699999999999974
band21Gain=2.200000000000003
band22Gain=2.710000000000001
band23Gain=-3
band24Gain=0.3299999999999983
band25Gain=2.3800000000000026
band26Gain=5.109999999999999
band27Gain=8.160000000000004
band28Gain=13.39
band29Gain=12.14
band2Gain=4.399999999999999
band30Gain=12.520000000000003
band31Gain=8
band3Gain=2.8599999999999994
band7Gain=-0.5799999999999983
band8Gain=4.57
band9Gain=6.509999999999998

[soe][Equalizer#0#right]
band0Gain=8.61
band10Gain=5.369999999999997
band11Gain=-1.7800000000000011
band12Gain=-4.419999999999998
band13Gain=1.0600000000000023
band14Gain=2.5799999999999983
band15Gain=4.329999999999998
band17Gain=3.8100000000000023
band18Gain=4.730000000000004
band19Gain=3.8699999999999974
band1Gain=8.219999999999999
band20Gain=-2.8699999999999974
band21Gain=2.200000000000003
band22Gain=2.710000000000001
band23Gain=-3
band24Gain=0.3299999999999983
band25Gain=2.3800000000000026
band26Gain=5.109999999999999
band27Gain=8.160000000000004
band28Gain=13.39
band29Gain=12.14
band2Gain=4.399999999999999
band30Gain=12.520000000000003
band31Gain=8
band3Gain=2.8599999999999994
band7Gain=-0.5799999999999983
band8Gain=4.57
band9Gain=6.509999999999998
