[soe][Equalizer#0]
outputGain=-8

[soe][Equalizer#0#left]
band0Gain=0.240000000000002
band10Gain=5.369999999999997
band11Gain=-1.7800000000000011
band12Gain=-4.419999999999998
band13Gain=1.0600000000000023
band14Gain=2.5799999999999983
band15Gain=4.329999999999998
band17Gain=3.8100000000000023
band18Gain=4.730000000000004
band19Gain=3.8699999999999974
band1Gain=3.8000000000000043
band20Gain=-2.8699999999999974
band21Gain=2.200000000000003
band22Gain=2.710000000000001
band23Gain=-3
band24Gain=3.1600000000000037
band25Gain=4.359999999999999
band26Gain=8.369999999999997
band27Gain=8.630000000000003
band28Gain=4.160000000000004
band29Gain=9.579999999999998
band2Gain=5.520000000000003
band30Gain=7.380000000000003
band31Gain=3.270000000000003
band3Gain=3.1700000000000017
band4Gain=-3.33
band5Gain=-3.460000000000001
band6Gain=-1.6499999999999986
band7Gain=-0.5799999999999983
band8Gain=4.57
band9Gain=6.509999999999998

[soe][Equalizer#0#right]
band0Gain=0.240000000000002
band10Gain=5.369999999999997
band11Gain=-1.7800000000000011
band12Gain=-4.419999999999998
band13Gain=1.0600000000000023
band14Gain=2.5799999999999983
band15Gain=4.329999999999998
band17Gain=3.8100000000000023
band18Gain=4.730000000000004
band19Gain=3.8699999999999974
band1Gain=3.8000000000000043
band20Gain=-2.8699999999999974
band21Gain=2.200000000000003
band22Gain=2.710000000000001
band23Gain=-3
band24Gain=3.1600000000000037
band25Gain=4.359999999999999
band26Gain=8.369999999999997
band27Gain=8.630000000000003
band28Gain=4.160000000000004
band29Gain=9.579999999999998
band2Gain=5.520000000000003
band30Gain=7.380000000000003
band31Gain=3.270000000000003
band3Gain=3.1700000000000017
band4Gain=-3.33
band5Gain=-3.460000000000001
band6Gain=-1.6499999999999986
band7Gain=-0.5799999999999983
band8Gain=4.57
band9Gain=6.509999999999998
